[LEFT_CAM_2K]
cx=1108.45
cy=668.952
fx=1381.28
fy=1381.28
k1=-0.16145666308195702
k2=0.019494047870765748
k3=0.00229138777250143
p1=-0.0007681942397629087
p2=0.0005395570518618749

[LEFT_CAM_FHD]
cx=964.446
cy=587.952
fx=1381.28
fy=1381.28
k1=-0.16145666308195702
k2=0.019494047870765748
k3=0.00229138777250143
p1=-0.0007681942397629087
p2=0.0005395570518618749

[LEFT_CAM_HD]
cx=640.723
cy=382.476
fx=690.638
fy=690.638
k1=-0.16145666308195702
k2=0.019494047870765748
k3=0.00229138777250143
p1=-0.0007681942397629087
p2=0.0005395570518618749

[LEFT_CAM_VGA]
cx=335.861
cy=198.738
fx=345.319
fy=345.319
k1=-0.16145666308195702
k2=0.019494047870765748
k3=0.00229138777250143
p1=-0.0007681942397629087
p2=0.0005395570518618749

[RIGHT_CAM_2K]
cx=1091.5
cy=573.607
fx=1386.39
fy=1386.39
k1=-0.16300948790569555
k2=0.021130840793923758
k3=0.0014671744195456674
p1=-0.0007067112595323363
p2=7.254955804907636e-5

[RIGHT_CAM_FHD]
cx=947.502
cy=492.607
fx=1386.39
fy=1386.39
k1=-0.16300948790569555
k2=0.021130840793923758
k3=0.0014671744195456674
p1=-0.0007067112595323363
p2=7.254955804907636e-5

[RIGHT_CAM_HD]
cx=632.251
cy=334.804
fx=693.193
fy=693.193
k1=-0.16300948790569555
k2=0.021130840793923758
k3=0.0014671744195456674
p1=-0.0007067112595323363
p2=7.254955804907636e-5

[RIGHT_CAM_VGA]
cx=331.625
cy=174.902
fx=346.596
fy=346.596
k1=-0.16300948790569555
k2=0.021130840793923758
k3=0.0014671744195456674
p1=-0.0007067112595323363
p2=7.254955804907636e-5

[STEREO]
Baseline=62.9661
CV_2K=-0.00694236
CV_FHD=-0.00694236
CV_HD=-0.00694236
CV_VGA=-0.00694236
RX_2K=0.000940106
RX_FHD=0.000940106
RX_HD=0.000940106
RX_VGA=0.000940106
RZ_2K=-0.0005005
RZ_FHD=-0.0005005
RZ_HD=-0.0005005
RZ_VGA=-0.0005005
